A 3 4 7 10 11 15 16 17 18 19 20 21 25
B 1 2 3 4 6 10 11 12 13 14 16 20 21 22 23 24
C 2 3 4 5 6 11 16 22 23 24 25
D 1 2 3 4 6 10 11 15 16 20 21 22 23 24
E 1 2 3 4 5 6 11 12 13 14 16 21 22 23 24 25
F 1 2 3 4 5 6 11 12 13 14 16 21
G 2 3 4 5 6 11 14 15 16 20 22 23 24 25
H 1 5 6 10 11 12 13 14 15 16 20 21 25
I 2 3 4 8 13 18 22 23 24
J 2 3 4 9 14 19 22 23
K 1 5 6 9 11 12 13 16 19 21 25
L 1 6 11 16 20 21 22 23 24 25
M 1 5 6 7 9 10 11 13 15 16 20 21 25
N 1 5 6 7 10 11 13 15 16 19 20 21 25
O 2 3 4 6 10 11 15 16 20 22 23 24
P 1 2 3 4 6 10 11 12 13 14 16 21
Q 2 3 4 6 10 11 15 16 19 22 23 25
R 1 2 3 4 6 10 11 12 13 14 16 19 21 25
S 2 3 4 5 6 12 13 14 20 21 22 23 24
T 1 2 3 4 5 8 13 18 23
U 1 5 6 10 11 15 16 20 22 23 24
V 1 5 6 10 11 12 14 15 17 18 19 23
W 1 5 6 8 10 11 13 15 16 17 18 19 20 22 24
X 1 5 7 9 13 17 19 21 25
Y 1 5 6 7 9 10 12 13 14 18 23
Z 1 2 3 4 5 9 13 17 21 22 23 24 25
0 2 3 4 6 7 10 11 13 15 16 19 20 22 23 24
1 3 7 8 13 18 22 23 24
2 2 3 4 6 9 10 13 14 17 18 21 22 23 24 25
3 1 2 3 4 10 13 14 20 21 22 23 24
4 4 8 9 12 14 16 17 18 19 20 24
5 1 2 3 4 5 6 11 12 13 14 20 21 22 23 24
6 2 3 4 6 11 12 13 14 16 20 22 23 24
7 1 2 3 4 5 9 10 13 14 18 23
8 2 3 4 6 10 12 13 14 16 20 22 23 24
9 2 3 4 6 10 11 12 13 14 15 20 22 23 24
a 7 8 9 11 14 16 19 22 23 25
b 1 6 11 12 13 14 16 19 20 21 22 23 24
c 7 8 9 10 11 16 22 23 24 25
d 5 10 12 13 14 15 16 17 20 22 23 24 25
e 7 8 9 11 12 13 14 15 16 22 23 24
f 3 4 8 12 13 14 18 23
g 3 4 5 7 10 12 13 14 15 20 23 24
h 1 6 11 12 13 14 16 20 21 25
i 3 13 18 23
j 3 4 14 19 23
k 2 7 10 12 14 17 18 19 22 25
l 2 7 12 17 23 24
m 6 7 8 9 11 13 15 16 18 20 21 23 25
n 7 8 9 12 15 17 20 22 25
o 7 8 9 11 15 16 20 22 23 24
p 6 7 8 9 11 15 16 17 18 19 21
q 7 8 9 10 11 15 17 18 19 20 25
r 6 8 9 11 12 15 16 21
s 3 4 7 13 19 22 23
t 3 7 8 9 13 18 23
u 6 10 11 15 16 20 22 23 24
v 6 10 11 12 14 15 17 18 19 23
w 6 10 11 13 15 16 18 20 22 24
x 6 7 9 10 13 17 19 21 25
y 7 10 13 15 19 20 22 23 24
z 7 8 9 10 14 18 22 23 24 25
  0
. 17 18 22 23
, 17 18 23
! 3 8 13 23
? 1 2 3 4 10 13 14 23
' 3 8
" 2 4 7 9
: 7 8 17 18
; 7 8 17 18 23
/ 5 9 13 17 21
\ 1 7 13 19 25
| 3 8 13 18 23
- 12 13 14
_ 21 22 23 24 25
+ 8 12 13 14 18
= 7 8 9 17 18 19
( 3 7 12 17 23
) 3 9 14 19 23
[ 2 3 7 12 17 22 23
] 3 4 9 14 19 23 24
{ 3 4 8 12 18 23 24
} 2 3 8 14 18 22 23
* 3 6 8 10 12 13 14 17 19 21 25
^ 3 7 9 11 15
% 1 2 5 6 7 9 13 17 19 20 21 24 25
$ 2 3 4 5 6 8 12 13 14 18 20 21 22 23 24
# 2 4 6 7 8 9 10 12 14 16 17 18 19 20 22 24
@ 2 3 4 6 10 12 13 14 15 16 17 20 22 23 24 25
< 4 8 12 18 24
> 2 8 14 18 22
